27
0 0 0 0 0 0 0 0 0 0
0 -0.019 0 -20.6 0 0 30.0001 0 0 0
0 -0.074 0 -26.6001 0 0 43.2999 0 0 0
0 0.007 0 -15.7 0 0 11.7 0 0 0
0 0.015 0 -0.4 0 0 1.7 0 0 0
0 -0.047 0 -0.4 0 0 -23.4001 -39.5 39.4 0
0 -0.078 0 -0.4 0 0 -49.8998 -50.9998 51.0998 0
0 -0.154 0 -0.4 0 0 -62.5996 -62.2996 63.3996 0
0 -0.198 0 -0.4 0 0 -75.8994 -69.7995 69.8995 0
0 -0.107 0 -0.4 0 0 -65.2996 -62.5996 49.2998 46.5999
0 -0.107 0 -0.4 0 0 -34.8 -30.0001 24.8001 91.9992
0 -0.107 0 -0.4 0 0 -9.2 -17.1 11.8 135.099
0 -0.107 0 -0.4 0 0 3.59999 -4.6 4.7 164.301
0 -0.107 0 -0.4 0 0 3.59999 -4.6 4.7 180.702
0 -0.107 0 -0.4 0 0 -9.70001 -29.4001 26.9001 152.2
0 -0.107 0 -0.4 0 0 -29.0001 -41.1999 40.7999 113.699
0 -0.107 0 -0.4 0 0 -34.5001 -47.4998 50.6998 96.8991
0 -0.107 0 -0.4 0 0 -7.4 -28.4001 20.6 78.1994
0 -0.055 0 -0.4 0 0 3.39999 -23.2001 14.5 55.3997
0 -0.055 0 -0.4 0 0 9.39999 -17 8.09999 28.3001
0 -0.006 0 -0.4 0 0 9.39999 -17 8.09999 12.1
0 -0.006 0 -0.4 0 0 9.9 -1.3 -1.6 -1.6
0 -0.006 0 0.2 0 48.2998 9.9 -71.6995 -1.6 -0.400002
0 -0.006 0 0.2 0 -40.9 9.9 -0.499998 -1.6 -0.400002
0 -0.006 0 0.2 0 34.7 9.9 -69.7995 -1.6 -0.400002
0 -0.006 0 0.2 0 -35.8 9.9 -4.3 -1.6 -0.400002
0 -0.006 0 0.2 0 4.2 9.9 -4.3 -1.6 -0.400002
